{
    "w2c": {
        "bench_605_94718_189564_00000.png": [
            [
                0.9312830412322037,
                0.14203697265407128,
                -0.3354659240215126,
                0.11018668838051292
            ],
            [
                -0.14547700863952467,
                0.9892480177638641,
                0.014992647517418826,
                -1.1508866084639262
            ],
            [
                0.33398849457394797,
                0.034840178269211805,
                0.9419330312510913,
                1.3106244855404126
            ],
            [
                0.0,
                0.0,
                0.0,
                1.0
            ]
        ],
        "bench_605_94718_189564_00001.png": [
            [
                0.9312830412322037,
                0.14203697265407128,
                -0.3354659240215126,
                0.1101866516377526
            ],
            [
                -0.14547700863952467,
                0.9892480177638641,
                0.014992647517418826,
                -1.1508865940179756
            ],
            [
                0.33398849457394797,
                0.034840178269211805,
                0.9419330312510913,
                1.9692555409562544
            ],
            [
                0.0,
                0.0,
                0.0,
                1.0
            ]
        ],
        "bench_605_94718_189564_00002.png": [
            [
                0.9312830412322037,
                0.14203697265407128,
                -0.3354659240215126,
                0.11018668592192755
            ],
            [
                -0.14547700863952467,
                0.9892480177638641,
                0.014992647517418826,
                -1.1508865951269729
            ],
            [
                0.33398849457394797,
                0.034840178269211805,
                0.9419330312510913,
                2.627886748473795
            ],
            [
                0.0,
                0.0,
                0.0,
                1.0
            ]
        ],
        "bench_605_94718_189564_00003.png": [
            [
                0.530750782797496,
                0.302727116431714,
                -0.7916185232444113,
                0.47875027503182016
            ],
            [
                -0.34159020644472493,
                0.9312168431924449,
                0.12708810492098746,
                -1.2166081822866337
            ],
            [
                0.7756414854884729,
                0.20295701184792903,
                0.5976526828204296,
                1.4594903176905887
            ],
            [
                0.0,
                0.0,
                0.0,
                1.0
            ]
        ],
        "bench_605_94718_189564_00004.png": [
            [
                0.530750782797496,
                0.302727116431714,
                -0.7916185232444113,
                0.47875026263451576
            ],
            [
                -0.34159020644472493,
                0.9312168431924449,
                0.12708810492098746,
                -1.2166081957931583
            ],
            [
                0.7756414854884729,
                0.20295701184792903,
                0.5976526828204296,
                2.0527453504431157
            ],
            [
                0.0,
                0.0,
                0.0,
                1.0
            ]
        ],
        "bench_605_94718_189564_00005.png": [
            [
                0.530750782797496,
                0.302727116431714,
                -0.7916185232444113,
                0.47875026077536603
            ],
            [
                -0.34159020644472493,
                0.9312168431924449,
                0.12708810492098746,
                -1.2166081831529976
            ],
            [
                0.7756414854884729,
                0.20295701184792903,
                0.5976526828204296,
                2.6460005411908076
            ],
            [
                0.0,
                0.0,
                0.0,
                1.0
            ]
        ],
        "bench_605_94718_189564_00006.png": [
            [
                -0.12966045889851974,
                0.34133783106712384,
                -0.9309547006515816,
                0.6644454324086021
            ],
            [
                -0.45673073774168726,
                0.8127885605158794,
                0.3616238345566799,
                -1.3362600511836606
            ],
            [
                0.8801051733554558,
                0.47208393823755357,
                0.050512935604898154,
                1.810237134127577
            ],
            [
                0.0,
                0.0,
                0.0,
                1.0
            ]
        ],
        "bench_605_94718_189564_00007.png": [
            [
                -0.12966045889851974,
                0.34133783106712384,
                -0.9309547006515816,
                0.6644454703379704
            ],
            [
                -0.45673073774168726,
                0.8127885605158794,
                0.3616238345566799,
                -1.3362601139380017
            ],
            [
                0.8801051733554558,
                0.47208393823755357,
                0.050512935604898154,
                2.24608674694984
            ],
            [
                0.0,
                0.0,
                0.0,
                1.0
            ]
        ],
        "bench_605_94718_189564_00008.png": [
            [
                -0.12966045889851974,
                0.34133783106712384,
                -0.9309547006515816,
                0.6644454686728957
            ],
            [
                -0.45673073774168726,
                0.8127885605158794,
                0.3616238345566799,
                -1.3362601172894664
            ],
            [
                0.8801051733554558,
                0.47208393823755357,
                0.050512935604898154,
                2.6819363847660305
            ],
            [
                0.0,
                0.0,
                0.0,
                1.0
            ]
        ],
        "bench_605_94718_189564_00009.png": [
            [
                -0.7924152143865977,
                0.19771702860577162,
                -0.5770494936034825,
                0.4952696284075029
            ],
            [
                -0.3283987341923131,
                0.6589269936158081,
                0.6767343685633909,
                -1.520038795214785
            ],
            [
                0.5140354102498117,
                0.7257569940643637,
                -0.4572137616520782,
                1.6767120502841688
            ],
            [
                0.0,
                0.0,
                0.0,
                1.0
            ]
        ],
        "bench_605_94718_189564_00010.png": [
            [
                -0.7924152143865977,
                0.19771702860577162,
                -0.5770494936034825,
                0.49526964834405196
            ],
            [
                -0.3283987341923131,
                0.6589269936158081,
                0.6767343685633909,
                -1.5200388766220427
            ],
            [
                0.5140354102498117,
                0.7257569940643637,
                -0.4572137616520782,
                2.233784241788362
            ],
            [
                0.0,
                0.0,
                0.0,
                1.0
            ]
        ],
        "bench_605_94718_189564_00011.png": [
            [
                -0.7924152143865977,
                0.19771702860577162,
                -0.5770494936034825,
                0.4952695897177618
            ],
            [
                -0.3283987341923131,
                0.6589269936158081,
                0.6767343685633909,
                -1.5200387378340554
            ],
            [
                0.5140354102498117,
                0.7257569940643637,
                -0.4572137616520782,
                2.7908563369038903
            ],
            [
                0.0,
                0.0,
                0.0,
                1.0
            ]
        ],
        "bench_605_94718_189564_00012.png": [
            [
                -0.9741081467455758,
                -0.09477629837396744,
                0.20525778778948012,
                -0.059379531326162575
            ],
            [
                0.10701428206478349,
                0.606447676339705,
                0.7878889792040825,
                -1.6226146432846293
            ],
            [
                -0.19915131875953937,
                0.7894546313304017,
                -0.5806032523628459,
                1.8050624695570514
            ],
            [
                0.0,
                0.0,
                0.0,
                1.0
            ]
        ],
        "bench_605_94718_189564_00013.png": [
            [
                -0.9741081467455758,
                -0.09477629837396744,
                0.20525778778948012,
                -0.059379537292490465
            ],
            [
                0.10701428206478349,
                0.606447676339705,
                0.7878889792040825,
                -1.6226146635082483
            ],
            [
                -0.19915131875953937,
                0.7894546313304017,
                -0.5806032523628459,
                2.3398221430541986
            ],
            [
                0.0,
                0.0,
                0.0,
                1.0
            ]
        ],
        "bench_605_94718_189564_00014.png": [
            [
                -0.9741081467455758,
                -0.09477629837396744,
                0.20525778778948012,
                -0.05937951987724096
            ],
            [
                0.10701428206478349,
                0.606447676339705,
                0.7878889792040825,
                -1.6226146507740433
            ],
            [
                -0.19915131875953937,
                0.7894546313304017,
                -0.5806032523628459,
                2.8745818695416805
            ],
            [
                0.0,
                0.0,
                0.0,
                1.0
            ]
        ],
        "bench_605_94718_189564_00015.png": [
            [
                -0.44947362417955083,
                -0.31719819682002925,
                0.8350800817238985,
                -0.6130565649621057
            ],
            [
                0.4360784112928498,
                0.73796109122914,
                0.5150232939085417,
                -1.4956439595794118
            ],
            [
                -0.7796211542040045,
                0.5956497888657198,
                -0.19337081169457698,
                1.6967309309468286
            ],
            [
                0.0,
                0.0,
                0.0,
                1.0
            ]
        ],
        "bench_605_94718_189564_00016.png": [
            [
                -0.44947362417955083,
                -0.31719819682002925,
                0.8350800817238985,
                -0.6130564457309696
            ],
            [
                0.4360784112928498,
                0.73796109122914,
                0.5150232939085417,
                -1.4956439839264257
            ],
            [
                -0.7796211542040045,
                0.5956497888657198,
                -0.19337081169457698,
                2.3036612992020493
            ],
            [
                0.0,
                0.0,
                0.0,
                1.0
            ]
        ],
        "bench_605_94718_189564_00017.png": [
            [
                -0.44947362417955083,
                -0.31719819682002925,
                0.8350800817238985,
                -0.6130564911960336
            ],
            [
                0.4360784112928498,
                0.73796109122914,
                0.5150232939085417,
                -1.4956439157980599
            ],
            [
                -0.7796211542040045,
                0.5956497888657198,
                -0.19337081169457698,
                2.9105912025082623
            ],
            [
                0.0,
                0.0,
                0.0,
                1.0
            ]
        ],
        "bench_605_94718_189564_00018.png": [
            [
                0.3040028830152969,
                -0.3248731112766653,
                0.8955666997799459,
                -0.7885459073662124
            ],
            [
                0.3985210020571414,
                0.8972218485768513,
                0.19019436480507818,
                -1.3230247125148007
            ],
            [
                -0.8653110748741916,
                0.2990824985469965,
                0.4022267660652771,
                1.7468982490349159
            ],
            [
                0.0,
                0.0,
                0.0,
                1.0
            ]
        ],
        "bench_605_94718_189564_00019.png": [
            [
                0.3040028830152969,
                -0.3248731112766653,
                0.8955666997799459,
                -0.788545945654821
            ],
            [
                0.3985210020571414,
                0.8972218485768513,
                0.19019436480507818,
                -1.3230247763601217
            ],
            [
                -0.8653110748741916,
                0.2990824985469965,
                0.4022267660652771,
                2.3273671309142756
            ],
            [
                0.0,
                0.0,
                0.0,
                1.0
            ]
        ],
        "bench_605_94718_189564_00020.png": [
            [
                0.3040028830152969,
                -0.3248731112766653,
                0.8955666997799459,
                -0.7885459463629648
            ],
            [
                0.3985210020571414,
                0.8972218485768513,
                0.19019436480507818,
                -1.3230247777983946
            ],
            [
                -0.8653110748741916,
                0.2990824985469965,
                0.4022267660652771,
                2.907835779208866
            ],
            [
                0.0,
                0.0,
                0.0,
                1.0
            ]
        ],
        "bench_605_94718_189564_00021.png": [
            [
                0.8371675526879543,
                -0.17509507199783003,
                0.5181623730829938,
                -0.6069837159320882
            ],
            [
                0.1895053570713457,
                0.9815483031914473,
                0.025506615461873237,
                -1.2563399478758797
            ],
            [
                -0.5130675067307364,
                0.07684123611910214,
                0.8549018458247784,
                1.5509764445675798
            ],
            [
                0.0,
                0.0,
                0.0,
                1.0
            ]
        ],
        "bench_605_94718_189564_00022.png": [
            [
                0.8371675526879543,
                -0.17509507199783003,
                0.5181623730829938,
                -0.6069836954155897
            ],
            [
                0.1895053570713457,
                0.9815483031914473,
                0.025506615461873237,
                -1.2563399168855358
            ],
            [
                -0.5130675067307364,
                0.07684123611910214,
                0.8549018458247784,
                2.243600565856375
            ],
            [
                0.0,
                0.0,
                0.0,
                1.0
            ]
        ],
        "bench_605_94718_189564_00023.png": [
            [
                0.8371675526879543,
                -0.17509507199783003,
                0.5181623730829938,
                -0.6069837984386283
            ],
            [
                0.1895053570713457,
                0.9815483031914473,
                0.025506615461873237,
                -1.256339891976443
            ],
            [
                -0.5130675067307364,
                0.07684123611910214,
                0.8549018458247784,
                2.9362244833206863
            ],
            [
                0.0,
                0.0,
                0.0,
                1.0
            ]
        ],
        "bicycle_604_94120_188518_00000.png": [
            [
                0.9913409132611878,
                -0.13106301059746953,
                -0.008099357353343576,
                0.7519920167476322
            ],
            [
                0.13097310793680206,
                0.991327281931797,
                -0.010782406773713381,
                -2.2814066536459086
            ],
            [
                0.00944228906936224,
                0.009628242758763384,
                0.9999090289205529,
                1.2701694703762152
            ],
            [
                0.0,
                0.0,
                0.0,
                1.0
            ]
        ],
        "bicycle_604_94120_188518_00001.png": [
            [
                0.9913409132611878,
                -0.13106301059746953,
                -0.008099357353343576,
                0.7519920231714463
            ],
            [
                0.13097310793680206,
                0.991327281931797,
                -0.010782406773713381,
                -2.281406641844148
            ],
            [
                0.00944228906936224,
                0.009628242758763384,
                0.9999090289205529,
                2.5312934385637442
            ],
            [
                0.0,
                0.0,
                0.0,
                1.0
            ]
        ],
        "bicycle_604_94120_188518_00002.png": [
            [
                0.9913409132611878,
                -0.13106301059746953,
                -0.008099357353343576,
                0.7519920305607791
            ],
            [
                0.13097310793680206,
                0.991327281931797,
                -0.010782406773713381,
                -2.2814066287570247
            ],
            [
                0.00944228906936224,
                0.009628242758763384,
                0.9999090289205529,
                3.7924172875528286
            ],
            [
                0.0,
                0.0,
                0.0,
                1.0
            ]
        ],
        "bicycle_604_94120_188518_00003.png": [
            [
                0.7844247374807148,
                -0.44060299855646207,
                0.436516704746424,
                0.9764592986878995
            ],
            [
                0.42211253300873747,
                0.8949125663919386,
                0.1447497213063841,
                -2.2134057866962515
            ],
            [
                -0.45442147371490926,
                0.07071391376876532,
                0.8879756493946321,
                1.4506735856569588
            ],
            [
                0.0,
                0.0,
                0.0,
                1.0
            ]
        ],
        "bicycle_604_94120_188518_00004.png": [
            [
                0.7844247374807148,
                -0.44060299855646207,
                0.436516704746424,
                0.9764592593843578
            ],
            [
                0.42211253300873747,
                0.8949125663919386,
                0.1447497213063841,
                -2.213405766546448
            ],
            [
                -0.45442147371490926,
                0.07071391376876532,
                0.8879756493946321,
                2.62474637156925
            ],
            [
                0.0,
                0.0,
                0.0,
                1.0
            ]
        ],
        "bicycle_604_94120_188518_00005.png": [
            [
                0.7844247374807148,
                -0.44060299855646207,
                0.436516704746424,
                0.976459256273197
            ],
            [
                0.42211253300873747,
                0.8949125663919386,
                0.1447497213063841,
                -2.2134057054280643
            ],
            [
                -0.45442147371490926,
                0.07071391376876532,
                0.8879756493946321,
                3.798818864514757
            ],
            [
                0.0,
                0.0,
                0.0,
                1.0
            ]
        ],
        "bicycle_604_94120_188518_00006.png": [
            [
                0.3842274173479249,
                -0.5920278690711545,
                0.7084294737776259,
                0.8033884021442975
            ],
            [
                0.5347605754157294,
                0.7682172527262672,
                0.35195646122682817,
                -2.2754973551000757
            ],
            [
                -0.7525957745896801,
                0.24360882084357735,
                0.6117632992932956,
                1.5167240217987095
            ],
            [
                0.0,
                0.0,
                0.0,
                1.0
            ]
        ],
        "bicycle_604_94120_188518_00007.png": [
            [
                0.3842274173479249,
                -0.5920278690711545,
                0.7084294737776259,
                0.8033882819960115
            ],
            [
                0.5347605754157294,
                0.7682172527262672,
                0.35195646122682817,
                -2.2754974066693037
            ],
            [
                -0.7525957745896801,
                0.24360882084357735,
                0.6117632992932956,
                2.669801959452475
            ],
            [
                0.0,
                0.0,
                0.0,
                1.0
            ]
        ],
        "bicycle_604_94120_188518_00008.png": [
            [
                0.3842274173479249,
                -0.5920278690711545,
                0.7084294737776259,
                0.8033883801317416
            ],
            [
                0.5347605754157294,
                0.7682172527262672,
                0.35195646122682817,
                -2.2754972678069554
            ],
            [
                -0.7525957745896801,
                0.24360882084357735,
                0.6117632992932956,
                3.8228798270652273
            ],
            [
                0.0,
                0.0,
                0.0,
                1.0
            ]
        ],
        "bicycle_604_94120_188518_00009.png": [
            [
                -0.07200056718780999,
                -0.5974895540986455,
                0.7986376934996933,
                0.3549905642681544
            ],
            [
                0.5309710421270633,
                0.6548629184807512,
                0.5377957608407302,
                -2.404054355634979
            ],
            [
                -0.8443255349724635,
                0.4627750762552968,
                0.2700991226893673,
                1.3843899327741491
            ],
            [
                0.0,
                0.0,
                0.0,
                1.0
            ]
        ],
        "bicycle_604_94120_188518_00010.png": [
            [
                -0.07200056718780999,
                -0.5974895540986455,
                0.7986376934996933,
                0.35499061574826957
            ],
            [
                0.5309710421270633,
                0.6548629184807512,
                0.5377957608407302,
                -2.404054355511335
            ],
            [
                -0.8443255349724635,
                0.4627750762552968,
                0.2700991226893673,
                2.6388701833189123
            ],
            [
                0.0,
                0.0,
                0.0,
                1.0
            ]
        ],
        "bicycle_604_94120_188518_00011.png": [
            [
                -0.07200056718780999,
                -0.5974895540986455,
                0.7986376934996933,
                0.35499058091122976
            ],
            [
                0.5309710421270633,
                0.6548629184807512,
                0.5377957608407302,
                -2.404054308160616
            ],
            [
                -0.8443255349724635,
                0.4627750762552968,
                0.2700991226893673,
                3.8933504709241347
            ],
            [
                0.0,
                0.0,
                0.0,
                1.0
            ]
        ],
        "bicycle_604_94120_188518_00012.png": [
            [
                -0.4961823307312513,
                -0.4810606006472614,
                0.7227612322785955,
                -0.25401306002109264
            ],
            [
                0.4592061074058224,
                0.5610876095016896,
                0.6887020166106009,
                -2.5086177355355943
            ],
            [
                -0.7368397547091772,
                0.6736181393851688,
                -0.05749580842637522,
                1.6298668690965845
            ],
            [
                0.0,
                0.0,
                0.0,
                1.0
            ]
        ],
        "bicycle_604_94120_188518_00013.png": [
            [
                -0.4961823307312513,
                -0.4810606006472614,
                0.7227612322785955,
                -0.2540129217245698
            ],
            [
                0.4592061074058224,
                0.5610876095016896,
                0.6887020166106009,
                -2.508617622883703
            ],
            [
                -0.7368397547091772,
                0.6736181393851688,
                -0.05749580842637522,
                2.8045634192542597
            ],
            [
                0.0,
                0.0,
                0.0,
                1.0
            ]
        ],
        "bicycle_604_94120_188518_00014.png": [
            [
                -0.4961823307312513,
                -0.4810606006472614,
                0.7227612322785955,
                -0.2540128947955577
            ],
            [
                0.4592061074058224,
                0.5610876095016896,
                0.6887020166106009,
                -2.508617717027581
            ],
            [
                -0.7368397547091772,
                0.6736181393851688,
                -0.05749580842637522,
                3.9792602390978313
            ],
            [
                0.0,
                0.0,
                0.0,
                1.0
            ]
        ],
        "bicycle_604_94120_188518_00015.png": [
            [
                -0.8208792810225728,
                -0.26939554602619525,
                0.5035704908528315,
                -0.9019770966540012
            ],
            [
                0.33683641737054615,
                0.4836761553146682,
                0.807835739160052,
                -2.542261588541582
            ],
            [
                -0.46119240308210935,
                0.8327565042755206,
                -0.30629749780461557,
                1.8158769414246283
            ],
            [
                0.0,
                0.0,
                0.0,
                1.0
            ]
        ],
        "bicycle_604_94120_188518_00016.png": [
            [
                -0.8208792810225728,
                -0.26939554602619525,
                0.5035704908528315,
                -0.9019770213034829
            ],
            [
                0.33683641737054615,
                0.4836761553146682,
                0.807835739160052,
                -2.542261537351834
            ],
            [
                -0.46119240308210935,
                0.8327565042755206,
                -0.30629749780461557,
                2.9651504915826687
            ],
            [
                0.0,
                0.0,
                0.0,
                1.0
            ]
        ],
        "bicycle_604_94120_188518_00017.png": [
            [
                -0.8208792810225728,
                -0.26939554602619525,
                0.5035704908528315,
                -0.9019769658874679
            ],
            [
                0.33683641737054615,
                0.4836761553146682,
                0.807835739160052,
                -2.542261519686101
            ],
            [
                -0.46119240308210935,
                0.8327565042755206,
                -0.30629749780461557,
                4.11442469893917
            ],
            [
                0.0,
                0.0,
                0.0,
                1.0
            ]
        ],
        "bicycle_604_94120_188518_00018.png": [
            [
                -0.9851153853927926,
                0.005687916857761798,
                0.17180017886359386,
                -1.4541575545171637
            ],
            [
                0.1578501387433052,
                0.4256078197817363,
                0.8910338630809339,
                -2.52956338457486
            ],
            [
                -0.06805136760532483,
                0.9048898031388445,
                -0.42017065634382866,
                1.87441002699407
            ],
            [
                0.0,
                0.0,
                0.0,
                1.0
            ]
        ],
        "bicycle_604_94120_188518_00019.png": [
            [
                -0.9851153853927926,
                0.005687916857761798,
                0.17180017886359386,
                -1.454157578843097
            ],
            [
                0.1578501387433052,
                0.4256078197817363,
                0.8910338630809339,
                -2.5295634178895807
            ],
            [
                -0.06805136760532483,
                0.9048898031388445,
                -0.42017065634382866,
                3.09137153148809
            ],
            [
                0.0,
                0.0,
                0.0,
                1.0
            ]
        ],
        "bicycle_604_94120_188518_00020.png": [
            [
                -0.9851153853927926,
                0.005687916857761798,
                0.17180017886359386,
                -1.4541576035080563
            ],
            [
                0.1578501387433052,
                0.4256078197817363,
                0.8910338630809339,
                -2.5295634765725046
            ],
            [
                -0.06805136760532483,
                0.9048898031388445,
                -0.42017065634382866,
                4.308332982046474
            ],
            [
                0.0,
                0.0,
                0.0,
                1.0
            ]
        ],
        "bicycle_604_94120_188518_00021.png": [
            [
                -0.9267310594077375,
                0.30016744380973537,
                -0.22598465202134663,
                -1.7597337339124004
            ],
            [
                -0.0893111407475969,
                0.40823554655288463,
                0.9084972904133412,
                -2.5664633771943164
            ],
            [
                0.3649562628011986,
                0.8621155635694356,
                -0.35151628104639604,
                2.114829149682168
            ],
            [
                0.0,
                0.0,
                0.0,
                1.0
            ]
        ],
        "bicycle_604_94120_188518_00022.png": [
            [
                -0.9267310594077375,
                0.30016744380973537,
                -0.22598465202134663,
                -1.75973379200634
            ],
            [
                -0.0893111407475969,
                0.40823554655288463,
                0.9084972904133412,
                -2.5664631898842947
            ],
            [
                0.3649562628011986,
                0.8621155635694356,
                -0.35151628104639604,
                3.3298061423770657
            ],
            [
                0.0,
                0.0,
                0.0,
                1.0
            ]
        ],
        "bicycle_604_94120_188518_00023.png": [
            [
                -0.9267310594077375,
                0.30016744380973537,
                -0.22598465202134663,
                -1.7597338230584014
            ],
            [
                -0.0893111407475969,
                0.40823554655288463,
                0.9084972904133412,
                -2.5664632556760085
            ],
            [
                0.3649562628011986,
                0.8621155635694356,
                -0.35151628104639604,
                4.5447831418008375
            ],
            [
                0.0,
                0.0,
                0.0,
                1.0
            ]
        ],
        "car_411_56081_108572_00000.png": [
            [
                0.9999371800269156,
                -0.011195954081708457,
                0.0005384570224401542,
                0.03768975375530345
            ],
            [
                0.011208152273337059,
                0.9992694838679028,
                -0.03653593410944925,
                -1.9696853239743837
            ],
            [
                -0.00012900907251946393,
                0.03653966991531156,
                0.9993322002134023,
                2.4592228113581167
            ],
            [
                0.0,
                0.0,
                0.0,
                1.0
            ]
        ],
        "car_411_56081_108572_00001.png": [
            [
                0.9999371800269156,
                -0.011195954081708457,
                0.0005384570224401542,
                0.03768975362151196
            ],
            [
                0.011208152273337059,
                0.9992694838679028,
                -0.03653593410944925,
                -1.9696853286303444
            ],
            [
                -0.00012900907251946393,
                0.03653966991531156,
                0.9993322002134023,
                2.877767423943819
            ],
            [
                0.0,
                0.0,
                0.0,
                1.0
            ]
        ],
        "car_411_56081_108572_00002.png": [
            [
                0.9999371800269156,
                -0.011195954081708457,
                0.0005384570224401542,
                0.03768975348772047
            ],
            [
                0.011208152273337059,
                0.9992694838679028,
                -0.03653593410944925,
                -1.9696853332863051
            ],
            [
                -0.00012900907251946393,
                0.03653966991531156,
                0.9993322002134023,
                3.2963120365295215
            ],
            [
                0.0,
                0.0,
                0.0,
                1.0
            ]
        ],
        "car_411_56081_108572_00003.png": [
            [
                0.8029999179603902,
                0.21987060134422517,
                -0.5539386674681785,
                0.6032381549866517
            ],
            [
                -0.2576202488080209,
                0.9661939874677801,
                0.010052731717039203,
                -1.8994608596641802
            ],
            [
                0.5374225218110006,
                0.1346334792683464,
                0.8324967926113759,
                2.064135612769445
            ],
            [
                0.0,
                0.0,
                0.0,
                1.0
            ]
        ],
        "car_411_56081_108572_00004.png": [
            [
                0.8029999179603902,
                0.21987060134422517,
                -0.5539386674681785,
                0.6032381838010352
            ],
            [
                -0.2576202488080209,
                0.9661939874677801,
                0.010052731717039203,
                -1.899460785345028
            ],
            [
                0.5374225218110006,
                0.1346334792683464,
                0.8324967926113759,
                2.6334171177058336
            ],
            [
                0.0,
                0.0,
                0.0,
                1.0
            ]
        ],
        "car_411_56081_108572_00005.png": [
            [
                0.8029999179603902,
                0.21987060134422517,
                -0.5539386674681785,
                0.6032380543355303
            ],
            [
                -0.2576202488080209,
                0.9661939874677801,
                0.010052731717039203,
                -1.8994608238084172
            ],
            [
                0.5374225218110006,
                0.1346334792683464,
                0.8324967926113759,
                3.2026988050753635
            ],
            [
                0.0,
                0.0,
                0.0,
                1.0
            ]
        ],
        "car_411_56081_108572_00006.png": [
            [
                0.23829481953285575,
                0.3683642071317041,
                -0.8986230544068007,
                0.9294283291844735
            ],
            [
                -0.49726902242860954,
                0.8410674396285784,
                0.21290631259165518,
                -1.8639089949995413
            ],
            [
                0.8342296524975986,
                0.39612292666513427,
                0.38359811464163035,
                2.051405232000793
            ],
            [
                0.0,
                0.0,
                0.0,
                1.0
            ]
        ],
        "car_411_56081_108572_00007.png": [
            [
                0.23829481953285575,
                0.3683642071317041,
                -0.8986230544068007,
                0.9294282945270945
            ],
            [
                -0.49726902242860954,
                0.8410674396285784,
                0.21290631259165518,
                -1.8639089150017132
            ],
            [
                0.8342296524975986,
                0.39612292666513427,
                0.38359811464163035,
                2.576067853333238
            ],
            [
                0.0,
                0.0,
                0.0,
                1.0
            ]
        ],
        "car_411_56081_108572_00008.png": [
            [
                0.23829481953285575,
                0.3683642071317041,
                -0.8986230544068007,
                0.9294283257456395
            ],
            [
                -0.49726902242860954,
                0.8410674396285784,
                0.21290631259165518,
                -1.8639089786709413
            ],
            [
                0.8342296524975986,
                0.39612292666513427,
                0.38359811464163035,
                3.100730941800955
            ],
            [
                0.0,
                0.0,
                0.0,
                1.0
            ]
        ],
        "car_411_56081_108572_00009.png": [
            [
                -0.5294937758897554,
                0.32866825198548727,
                -0.7820572999903126,
                0.8142900220438425
            ],
            [
                -0.5083572686127534,
                0.6150960271914739,
                0.6026854497070895,
                -1.9721859140098865
            ],
            [
                0.6791239124582271,
                0.7166826673195322,
                -0.158608567327282,
